0.00000 1.00000 1.00000 0.00000 0.40000
0.01000 1.00000 1.00000 0.00000 0.40000
0.02000 1.00000 1.00000 0.00000 0.40000
0.03000 1.00000 1.00000 0.00000 0.40000
0.04000 1.00000 1.00000 0.00000 0.40000
0.05000 1.00000 1.00000 0.00000 0.40000
0.06000 1.00000 1.00000 0.00000 0.40000
0.07000 1.00000 1.00000 0.00000 0.40000
0.08000 1.00000 1.00000 0.00000 0.40000
0.09000 1.00000 1.00000 0.00000 0.40000
0.10000 1.00000 1.00000 0.00000 0.40000
0.11000 1.00000 1.00000 0.00000 0.40000
0.12000 1.00000 1.00000 0.00000 0.40000
0.13000 1.00000 1.00000 0.00000 0.40000
0.14000 1.00000 1.00000 0.00000 0.40000
0.15000 1.00000 1.00000 0.00000 0.40000
0.16000 1.00000 1.00000 0.00000 0.40000
0.17000 1.00000 1.00000 0.00000 0.40000
0.18000 1.00000 1.00000 0.00000 0.40000
0.19000 1.00000 1.00000 0.00000 0.40000
0.20000 1.00000 1.00000 0.00000 0.40000
0.21000 1.00001 1.00000 0.00000 0.40000
0.22000 1.00002 1.00000 0.00000 0.40001
0.23000 1.00004 1.00000 0.00000 0.40001
0.24000 1.00008 1.00000 0.00000 0.40003
0.25000 1.00017 1.00000 0.00000 0.40007
0.26000 1.00035 1.00000 0.00000 0.40014
0.27000 1.00072 1.00000 0.00000 0.40029
0.28000 1.00141 1.00000 0.00000 0.40056
0.29000 1.00268 1.00000 0.00000 0.40107
0.30000 1.00495 1.00000 0.00000 0.40198
0.31000 1.00889 1.00000 0.00000 0.40356
0.32000 1.01549 1.00000 0.00000 0.40620
0.33000 1.02619 1.00000 0.00000 0.41048
0.34000 1.04297 1.00000 0.00000 0.41719
0.35000 1.06841 1.00000 0.00000 0.42737
0.36000 1.10570 1.00000 0.00000 0.44228
0.37000 1.15848 1.00000 0.00000 0.46339
0.38000 1.23060 1.00000 0.00000 0.49224
0.39000 1.32562 1.00000 0.00000 0.53025
0.40000 1.44619 1.00000 0.00000 0.57848
0.41000 1.59335 1.00000 0.00000 0.63734
0.42000 1.76571 1.00000 0.00000 0.70628
0.43000 1.95894 1.00000 0.00000 0.78358
0.44000 2.16543 1.00000 0.00000 0.86617
0.45000 2.37453 1.00000 0.00000 0.94981
0.46000 2.57322 1.00000 0.00000 1.02929
0.47000 2.74741 1.00000 0.00000 1.09896
0.48000 2.88352 1.00000 0.00000 1.15341
0.49000 2.97022 1.00000 0.00000 1.18809
0.50000 3.00000 1.00000 0.00000 1.20000
0.51000 2.97022 1.00000 0.00000 1.18809
0.52000 2.88352 1.00000 0.00000 1.15341
0.53000 2.74741 1.00000 0.00000 1.09896
0.54000 2.57322 1.00000 0.00000 1.02929
0.55000 2.37453 1.00000 0.00000 0.94981
0.56000 2.16543 1.00000 0.00000 0.86617
0.57000 1.95894 1.00000 0.00000 0.78358
0.58000 1.76571 1.00000 0.00000 0.70628
0.59000 1.59335 1.00000 0.00000 0.63734
0.60000 1.44619 1.00000 0.00000 0.57848
0.61000 1.32562 1.00000 0.00000 0.53025
0.62000 1.23060 1.00000 0.00000 0.49224
0.63000 1.15848 1.00000 0.00000 0.46339
0.64000 1.10570 1.00000 0.00000 0.44228
0.65000 1.06841 1.00000 0.00000 0.42737
0.66000 1.04297 1.00000 0.00000 0.41719
0.67000 1.02619 1.00000 0.00000 0.41048
0.68000 1.01549 1.00000 0.00000 0.40620
0.69000 1.00889 1.00000 0.00000 0.40356
0.70000 1.00495 1.00000 0.00000 0.40198
0.71000 1.00268 1.00000 0.00000 0.40107
0.72000 1.00141 1.00000 0.00000 0.40056
0.73000 1.00072 1.00000 0.00000 0.40029
0.74000 1.00035 1.00000 0.00000 0.40014
0.75000 1.00017 1.00000 0.00000 0.40007
0.76000 1.00008 1.00000 0.00000 0.40003
0.77000 1.00004 1.00000 0.00000 0.40001
0.78000 1.00002 1.00000 0.00000 0.40001
0.79000 1.00001 1.00000 0.00000 0.40000
0.80000 1.00000 1.00000 0.00000 0.40000
0.81000 1.00000 1.00000 0.00000 0.40000
0.82000 1.00000 1.00000 0.00000 0.40000
0.83000 1.00000 1.00000 0.00000 0.40000
0.84000 1.00000 1.00000 0.00000 0.40000
0.85000 1.00000 1.00000 0.00000 0.40000
0.86000 1.00000 1.00000 0.00000 0.40000
0.87000 1.00000 1.00000 0.00000 0.40000
0.88000 1.00000 1.00000 0.00000 0.40000
0.89000 1.00000 1.00000 0.00000 0.40000
0.90000 1.00000 1.00000 0.00000 0.40000
0.91000 1.00000 1.00000 0.00000 0.40000
0.92000 1.00000 1.00000 0.00000 0.40000
0.93000 1.00000 1.00000 0.00000 0.40000
0.94000 1.00000 1.00000 0.00000 0.40000
0.95000 1.00000 1.00000 0.00000 0.40000
0.96000 1.00000 1.00000 0.00000 0.40000
0.97000 1.00000 1.00000 0.00000 0.40000
0.98000 1.00000 1.00000 0.00000 0.40000
0.99000 1.00000 1.00000 0.00000 0.40000
